113 10
248 270
248 100
393 540
393 140
528 20
113 -290
113 -460
248 -610
393 -480
393 -300
528 -590
528 -200
113 -1330
113 -910
248 -1250
248 -950
393 -1350
528 -900
528 -1180
113 -1550
113 -2050
248 -1560
248 -1960
393 -1810
393 -2080
528 -1815
113 -2480
248 -2270
248 -2600
393 -2510
393 -2700
528 -2460
528 -2220
113 -3370
113 -3000
248 -3440
393 -2950
393 -3090
528 -3300
528 -2930
113 -4030
113 -3640
248 -4140
248 -3950
393 -4040
528 -4150
528 -3820
113 -4640
113 -4460
248 -4500
248 -4700
393 -4800
393 -4420
528 -4440
113 -5510
248 -5050
248 -5520
393 -5300
393 -5130
528 -5260
528 -5550
113 -6170
113 -5900
248 -5950
393 -6210
393 -5940
528 -6270
528 -5770
113 -6950
113 -6590
248 -6250
248 -6500
393 -6750
528 -6950
528 -6670
113 -7230
113 -7670
248 -7450
248 -7140
393 -7400
393 -7590
528 -7390