113 230
248 300
248 20
393 500
528 20
113 -530 
113 -240
248 -460
393 -680
393 -290
528 -560
113 -915
248 -1180
248 -860
393 -1160
528 -1100
528 -850
113 -1700
113 -2080
248 -1600
393 -1530
393 -2000
528 -1860
113 -2400
248 -2370
248 -2620
393 -2550
528 -2530
528 -2300
113 -3345
113 -2970
248 -3390
393 -3100
393 -2950
528 -3190
113 -4130
248 -3850
248 -4090
393 -3980
528 -3950
528 -4140
113 -4820
113 -4480
248 -4810
393 -4530
393 -4750
528 -4510
113 -5212
248 -5330
248 -5120
393 -5240
528 -5060
528 -5460
113 -5870
113 -6090
248 -5930
393 -6180
393 -5980
528 -5760